Date,Open,High,Low,Close,Adj Close,Volume
2023-04-26 04:00:00-04:00,7.95,7.95,7.95,7.95,7.95,1822
2023-04-26 04:01:00-04:00,7.95,7.95,7.92,7.92,7.92,2860
2023-04-26 04:03:00-04:00,7.93,7.93,7.93,7.93,7.93,805
2023-04-26 04:04:00-04:00,7.93,7.93,7.73,7.74,7.74,13758
2023-04-26 04:13:00-04:00,7.83,7.83,7.83,7.83,7.83,1198
2023-04-26 04:19:00-04:00,7.88,7.88,7.88,7.88,7.88,157
2023-04-26 04:21:00-04:00,7.87,7.87,7.87,7.87,7.87,398
2023-04-26 04:23:00-04:00,7.85,7.87,7.85,7.87,7.87,1588
2023-04-26 04:24:00-04:00,7.85,7.85,7.85,7.85,7.85,400
2023-04-26 04:26:00-04:00,7.86,7.88,7.86,7.88,7.88,990
2023-04-26 04:31:00-04:00,7.88,7.88,7.88,7.88,7.88,259
2023-04-26 04:41:00-04:00,7.9,7.9,7.89,7.9,7.9,4340
2023-04-26 04:46:00-04:00,7.89,7.89,7.89,7.89,7.89,245
2023-04-26 04:52:00-04:00,7.89,7.89,7.89,7.89,7.89,510
2023-04-26 04:54:00-04:00,7.89,7.89,7.89,7.89,7.89,329
2023-04-26 04:56:00-04:00,7.89,7.89,7.89,7.89,7.89,100
2023-04-26 04:59:00-04:00,7.89,7.89,7.89,7.89,7.89,325
2023-04-26 05:00:00-04:00,7.89,7.89,7.89,7.89,7.89,1484
2023-04-26 05:02:00-04:00,7.88,7.88,7.88,7.88,7.88,392
2023-04-26 05:05:00-04:00,7.89,7.89,7.89,7.89,7.89,791
2023-04-26 05:08:00-04:00,7.87,7.87,7.87,7.87,7.87,186
2023-04-26 05:10:00-04:00,7.86,7.86,7.86,7.86,7.86,200
2023-04-26 05:11:00-04:00,7.86,7.86,7.86,7.86,7.86,200
2023-04-26 05:20:00-04:00,7.86,7.86,7.86,7.86,7.86,400
2023-04-26 05:29:00-04:00,7.86,7.86,7.86,7.86,7.86,302
2023-04-26 05:35:00-04:00,7.88,7.88,7.88,7.88,7.88,381
2023-04-26 05:43:00-04:00,7.87,7.88,7.87,7.88,7.88,1193
2023-04-26 05:48:00-04:00,7.87,7.87,7.87,7.87,7.87,100
2023-04-26 05:51:00-04:00,7.88,7.88,7.88,7.88,7.88,1500
2023-04-26 05:52:00-04:00,7.87,7.88,7.87,7.88,7.88,752
